Instance	OptimalValue	RunTime(s)	TotalGenerateStates	LB_RCprunningStates	LB_RCprunningRate(%)	LB_PDprunningStates	LB_PDprunningRate(%)	UB_BIupdateTimes	UB_BIupdateRate(%)	UB_BSupdateTimes	UB_BSupdateRate(%)
3_20_1	740	0.11	2	0	0	2	100	0	0	0	0
3_20_2	993	0.106	115	51	44.3478	15	13.0435	0	0	0	0
3_20_3	1552	0.114	2	0	0	2	100	0	0	0	0
3_20_4	1126	0.113	2	0	0	2	100	0	0	0	0
3_20_5	832	0.107	41	1	2.43902	21	51.2195	1	2.43902	0	0
3_20_6	555	0.113	2	0	0	2	100	0	0	0	0
3_20_7	854	0.136	2	0	0	2	100	0	0	0	0
3_20_8	991	0.113	2	0	0	2	100	0	0	0	0
3_20_9	626	0.117	2	0	0	2	100	0	0	0	0
3_20_10	376	0.121	336	197	58.631	16	4.7619	0	0	0	0
3_40_1	1701	0.138	2	0	0	2	100	0	0	0	0
3_40_2	1543	0.157	178	0	0	76	42.6966	0	0	2	1.1236
3_40_3	2875	0.143	44	0	0	21	47.7273	0	0	1	2.27273
3_40_4	1989	0.157	2	0	0	2	100	0	0	0	0
3_40_5	1952	0.137	2	0	0	2	100	0	0	0	0
3_40_6	2235	0.169	818	0	0	443	54.1565	1	0.122249	0	0
3_40_7	2102	0.138	159	0	0	76	47.7987	1	0.628931	1	0.628931
3_40_8	3086	0.199	1812	0	0	991	54.6909	2	0.110375	1	0.0551876
3_40_9	4805	0.169	942	0	0	420	44.586	1	0.106157	1	0.106157
3_40_10	677	0.151	2	0	0	2	100	0	0	0	0
3_60_1	2174	0.164	2	0	0	2	100	0	0	0	0
3_60_2	3753	0.157	2	0	0	2	100	0	0	0	0
3_60_3	883	0.165	2	0	0	2	100	0	0	0	0
3_60_4	4601	0.359	3366	7	0.207962	1476	43.8503	2	0.0594177	0	0
3_60_5	3308	0.156	2	0	0	2	100	0	0	0	0
3_60_6	5910	1.804	46687	13	0.027845	18110	38.7902	5	0.0107096	0	0
3_60_7	3434	1.825	32032	0	0	8757	27.3383	6	0.0187313	0	0
3_60_8	991	0.182	162	0	0	74	45.679	0	0	3	1.85185
3_60_9	2681	0.161	2	0	0	2	100	0	0	0	0
3_60_10	1603	0.164	2	0	0	2	100	0	0	0	0
3_80_1	7835	14.102	151809	0	0	38547	25.3918	14	0.00922211	0	0
3_80_2	4589	4.139	54433	0	0	22260	40.8943	3	0.00551136	0	0
3_80_3	7486	0.388	1691	0	0	769	45.476	4	0.236546	0	0
3_80_4	1695	0.2	2	0	0	2	100	0	0	0	0
3_80_5	4275	0.212	118	0	0	53	44.9153	0	0	4	3.38983
3_80_6	1701	19.62	221016	0	0	73698	33.3451	1	0.000452456	3	0.00135737
3_80_7	2868	0.185	2	0	0	2	100	0	0	0	0
3_80_8	2238	0.185	2	0	0	2	100	0	0	0	0
3_80_9	2848	0.186	2	0	0	2	100	0	0	0	0
3_80_10	5983	1.283	9481	0	0	3535	37.2851	2	0.0210948	5	0.0527371
3_100_1	9598	2.926	20206	38	0.188063	6864	33.9701	0	0	15	0.0742354
3_100_2	4283	0.369	650	0	0	252	38.7692	0	0	3	0.461538
3_100_3	1512	0.212	2	0	0	2	100	0	0	0	0
3_100_4	6616	0.298	392	0	0	173	44.1327	0	0	3	0.765306
3_100_5	3736	9.386	90593	0	0	31157	34.3923	1	0.00110384	0	0
3_100_6	6839	0.444	806	0	0	392	48.6352	2	0.248139	0	0
3_100_7	6481	14.58	98282	0	0	29701	30.2202	3	0.00305244	3	0.00305244
3_100_8	1532	0.531	1090	0	0	445	40.8257	0	0	1	0.0917431
3_100_9	8092	0.226	66	0	0	29	43.9394	0	0	1	1.51515
3_100_10	3593	0.217	2	0	0	2	100	0	0	0	0
4_20_1	1501	0.113	2	0	0	2	100	0	0	0	0
4_20_2	2026	0.111	2	0	0	2	100	0	0	0	0
4_20_3	804	0.109	2	0	0	2	100	0	0	0	0
4_20_4	710	0.119	2	0	0	2	100	0	0	0	0
4_20_5	1119	0.114	43	0	0	28	65.1163	1	2.32558	0	0
4_20_6	988	0.111	2	0	0	2	100	0	0	0	0
4_20_7	832	0.115	2	0	0	2	100	0	0	0	0
4_20_8	2793	0.12	806	59	7.3201	475	58.933	3	0.372208	0	0
4_20_9	1477	0.135	9835	3166	32.1912	2024	20.5796	0	0	0	0
4_20_10	1305	0.12	2	0	0	2	100	0	0	0	0
4_40_1	1427	0.162	2	0	0	2	100	0	0	0	0
4_40_2	5031	0.198	1728	0	0	839	48.5532	3	0.173611	0	0
4_40_3	5713	0.126	2	0	0	2	100	0	0	0	0
4_40_4	795	0.149	2	0	0	2	100	0	0	0	0
4_40_5	3021	0.14	2	0	0	2	100	0	0	0	0
4_40_6	4054	0.145	2	0	0	2	100	0	0	0	0
4_40_7	1189	0.144	2	0	0	2	100	0	0	0	0
4_40_8	1688	0.184	1070	0	0	684	63.9252	2	0.186916	0	0
4_40_9	3283	0.579	15038	0	0	5147	34.2266	9	0.0598484	2	0.0132996
4_40_10	2189	0.14	22	0	0	11	50	0	0	2	9.09091
4_60_1	2163	0.167	2	0	0	2	100	0	0	0	0
4_60_2	3859	0.165	52	0	0	24	46.1538	0	0	1	1.92308
4_60_3	6370	0.224	703	0	0	255	36.2731	0	0	8	1.13798
4_60_4	4631	17.784	389266	0	0	167866	43.1237	9	0.00231204	2	0.000513787
4_60_5	2297	0.165	2	0	0	2	100	0	0	0	0
4_60_6	3953	90.318	2582567	15	0.000580817	830806	32.1698	2	7.74423e-05	0	0
4_60_7	1899	11.346	255737	0	0	124559	48.7059	3	0.00117308	0	0
4_60_8	7868	0.189	599	0	0	272	45.409	1	0.166945	3	0.500835
4_60_9	4604	0.191	321	0	0	150	46.729	1	0.311526	0	0
4_60_10	5560	1.617	23878	0	0	8894	37.2477	3	0.0125639	7	0.0293157
4_80_1	3344	0.211	150	0	0	60	40	0	0	1	0.666667
4_80_2	10722	1.002	7114	0	0	2743	38.5578	2	0.0281136	6	0.0843407
4_80_3	4083	0.19	2	0	0	2	100	0	0	0	0
4_80_4	4717	3.925	40064	0	0	16109	40.2082	9	0.0224641	1	0.00249601
4_80_5	1639	6.092	44536	0	0	13980	31.3903	3	0.00673612	2	0.00449075
4_80_6	4666	442.091	8920162	1328	0.0148876	2427011	27.2081	3	3.36317e-05	0	0
4_80_7	4772	681.338	11872445	0	0	3047982	25.6727	5	4.21143e-05	5	4.21143e-05
4_80_8	2661	3.909	37580	0	0	11255	29.9494	1	0.00266099	4	0.010644
4_80_9	5231	2.448	18151	0	0	7768	42.7965	3	0.016528	3	0.016528
4_80_10	8527	0.508	2227	0	0	662	29.7261	0	0	10	0.449035
4_100_1	9196	390.375	5632029	211	0.00374643	1673811	29.7195	14	0.000248578	0	0
4_100_2	13286	2.058	8893	0	0	2947	33.1384	0	0	16	0.179917
4_100_3	9814	1176.66	14568975	3	2.05917e-05	3663558	25.1463	5	3.43195e-05	0	0
4_100_4	6383	12.118	66226	0	0	24750	37.372	2	0.00301996	6	0.00905989
4_100_5	9130	1092.98	12063323	0	0	3142161	26.0472	2	1.65792e-05	9	7.46063e-05
4_100_6	7327	958.049	10612611	0	0	2385368	22.4767	5	4.71138e-05	2	1.88455e-05
4_100_7	3655	20.894	106833	0	0	28222	26.4169	0	0	6	0.00561624
4_100_8	7972	161.188	1674101	0	0	609091	36.3832	7	0.000418135	0	0
4_100_9	6380	41.802	202320	0	0	58271	28.8014	0	0	9	0.0044484
4_100_10	6832	10.161	51522	0	0	22364	43.4067	3	0.00582276	0	0
5_20_1	2946	0.117	2	0	0	2	100	0	0	0	0
5_20_2	2042	0.118	2393	1010	42.2064	501	20.9361	3	0.125366	0	0
5_20_3	2587	0.114	2	0	0	2	100	0	0	0	0
5_20_4	4830	0.115	115	28	24.3478	31	26.9565	1	0.869565	1	0.869565
5_20_5	3973	0.106	2	0	0	2	100	0	0	0	0
5_20_6	1528	0.135	3311	106	3.20145	1881	56.8106	1	0.0302024	1	0.0302024
5_20_7	1036	0.117	2	0	0	2	100	0	0	0	0
5_20_8	1370	0.139	5472	1715	31.3414	1703	31.1221	1	0.0182749	0	0
5_20_9	1706	0.105	2	0	0	2	100	0	0	0	0
5_20_10	2835	0.115	2	0	0	2	100	0	0	0	0
5_40_1	1670	0.139	2	0	0	2	100	0	0	0	0
5_40_2	4197	0.128	2	0	0	2	100	0	0	0	0
5_40_3	3693	0.138	32	0	0	15	46.875	0	0	1	3.125
5_40_4	4220	0.335	4363	0	0	2261	51.8221	2	0.04584	0	0
5_40_5	2937	0.308	8570	0	0	4880	56.9428	2	0.0233372	0	0
5_40_6	7255	0.149	457	0	0	216	47.2648	1	0.218818	0	0
5_40_7	8887	0.914	26652	0	0	15626	58.6297	6	0.0225124	0	0
5_40_8	5878	2.247	101943	481	0.471832	54280	53.2454	4	0.00392376	0	0
5_40_9	5796	0.224	3446	51	1.47998	1429	41.4684	2	0.0580383	4	0.116077
5_40_10	3849	0.607	15921	0	0	3956	24.8477	0	0	3	0.018843
5_60_1	5117	1535.83	28348970	0	0	11407493	40.2395	3	1.05824e-05	0	0
5_60_2	3193	0.179	2	0	0	2	100	0	0	0	0
5_60_3	4955	0.3	1349	0	0	740	54.8554	1	0.074129	0	0
5_60_4	1314	0.616	6148	0	0	2669	43.4125	1	0.0162655	0	0
5_60_5	1449	0.172	2	0	0	2	100	0	0	0	0
5_60_6	8293	0.623	8402	0	0	3845	45.7629	0	0	1	0.0119019
5_60_7	7046	5.309	106134	0	0	46590	43.8973	2	0.00188441	0	0
5_60_8	7690	798.032	31375357	0	0	12041800	38.3798	4	1.27489e-05	0	0
5_60_9	2961	0.162	2	0	0	2	100	0	0	0	0
5_60_10	8703	140.507	7153073	11600	0.162168	3003390	41.9874	15	0.0002097	3	4.194e-05
5_80_1	7301	151.272	1852976	0	0	677830	36.5806	8	0.000431738	15	0.000809509
5_80_2	3050	289.227	2369828	0	0	786270	33.1784	1	4.21972e-05	0	0
5_80_3	7156	163.536	1608027	0	0	547175	34.0277	9	0.000559692	0	0
5_80_4	8003	17.861	250375	0	0	110404	44.0955	1	0.000399401	0	0
5_80_5	6695	54.1	724036	0	0	257336	35.5419	12	0.00165738	8	0.00110492
5_80_6	7357	273.825	3651862	0	0	983925	26.9431	9	0.00024645	1	2.73833e-05
5_80_7	11913	0.617	3167	0	0	1451	45.8162	2	0.0631512	0	0
5_80_8	-1	3745.9	67198761	0	0	14563695	21.6726	0	0	0	0
5_80_9	7476	2.765	21285	0	0	8264	38.8255	16	0.0751703	0	0
5_80_10	6885	1.828	25882	0	0	10753	41.5462	5	0.0193184	0	0
5_100_1	12262	7.283	34526	0	0	11739	34.0005	3	0.0086891	10	0.0289637
5_100_2	13257	562.84	5623498	0	0	1390408	24.725	9	0.000160043	3	5.33476e-05
5_100_3	5471	228.818	2039129	0	0	618055	30.3098	5	0.000245203	2	9.80811e-05
5_100_4	15175	0.219	2	0	0	2	100	0	0	0	0
5_100_5	8131	273.155	1867241	0	0	800449	42.868	3	0.000160665	0	0
5_100_6	10507	811.364	6858777	0	0	1943599	28.3374	32	0.000466555	0	0
5_100_7	10274	326.146	2805664	0	0	867315	30.913	6	0.000213853	20	0.000712844
5_100_8	4195	1016.3	9124344	0	0	2825527	30.9669	5	5.47985e-05	1	1.09597e-05
5_100_9	16464	53.291	330641	0	0	174121	52.6616	2	0.000604886	0	0
5_100_10	-1	3854.56	25120458	0	0	5323892	21.1935	0	0	6	2.38849e-05
